CPark
1332
1576
389
384
65
66
992
766
563

Raymundo Gate/CEM
1481
1305
1045
1617
534
513

BioSci
1433
1293
1608
1614
991
639

Main Library
1271
1223
1231
448
496
23
24
29

Oblation Park
1184
1255
1259
1139
56
869
765

Palma Bridge
1438
1323
1351
1348
1255
1618

Silangan Rd/CSI
1201
1182
406
109

Math Building/PhySci
1203
1245
423
41
949
780
669

DL Umali Hall/Tori Steps
291
816
887
691
1440

SU
1249
788
697
699

Baker Hall
55
116
918
659
546
527

AnSci
1278
313
316
1012
1017
839
690

CEAT
1431
1508
1498
1487
1128
1554
168
960

YMCA/Dorms
1495
1279
1051
726

UHS
1064
325
328
983

Forestry Housing
1534
1536
300
1000

CFNR
1267
1078
490
492
1009
977

Forestry Dorms
1077
1049
1093
805
808
